159
171
68
485
435
46
386
400
264
327
33
36
353
22
198
28
458
489
258
112
397
131
343
361
295
49
387
478
305
77
495
463
247
414
448
33
460
185
432
75
11
316
110
215
338
307
94
147
148
203
110
44
185
452
404
480
352
142
457
156
218
303
471
317
68
270
201
379
454
485
454
316
300
415
383
137
74
328
135
221
31
244
116
215
48
372
46
399
13
354
407
83
156
229
251
76
498
451
454
303
435
259
118
87
26
352
223
451
180
358
23
210
101
138
424
500
361
322
399
226
175
157
308
331
385
410
258
234
360
63
36
147
322
5
233
199
357
307
1
36
16
23
97
469
12
372
468
373
193
366
450
368
374
109
50
110
18
307
343
377
369
378
375
42
235
107
92
91
414
92
478
281
114
74
249
478
445
217
202
138
434
151
5
308
259
406
417
128
212
112
4
432
489
231
326
75
337
417
165
102
9
142
383
474
67
131
451
12
199
4
149
133
154
5
440
264
410
208
391
473
319
247
256
160
477
81
234
165
498
251
119
358
392
353
331
459
335
134
322
34
137
322
166
143
326
457
406
87
16
149
411
335
395
166
494
223
247
79
239
96
329
357
453
73
61
135
383
396
268
204
281
257
377
298
399
54
254
156
140
121
304
402
455
50
419
300
124
165
231
363
112
59
71
64
483
132
51
365
379
318
420
159
426
296
456
176
349
61
332
340
33
487
93
488
389
12
139
364
28
369
78
140
280
149
55
262
132
105
479
362
275
250
372
200
398
179
376
98
239
59
290
123
45
382
110
285
245
101
149
273
321
226
412
100
226
466
214
209
71
44
70
345
145
441
396
42
119
271
492
209
181
281
332
78
14
293
362
259
393
362
31
214
440
294
165
165
259
230
374
181
273
295
377
418
236
273
311
206
395
302
415
76
82
98
153
96
390
366
206
283
80
236
348
19
29
364
183
139
94
408
320
366
203
48
135
290
320
446
495
67
247
261
142
181
358
146
128
248
363
333
382
442
68
81
460
448
444
495
86
37
402
257
255
456
305
241
97
476
186
92
42
285
352
35
465
210
32
92
309
395
276
190
188
343
270
148
142
65
142
79
102
395
336
208
203
492
448
299
319
486
242
213
122
94
247
438
155
131
381
463
25
156
4
212
350
125
211
491
189
204
69
142
451
256
349
153
99
149
451
418
486
193
130
107
138
228
44
144
358
424
106
234
79
461
298
428
85
8
270
273
212
190
415
14
446
115
166
44
263
468
313
248
12
442
206
1
170
249
144
379
172
101
113
102
61
410
381
145
417
150
270
480
192
184
493
137
298
10
32
413
478
345
12
341
138
218
342
159
466
485
38
490
86
150
443
498
411
324
143
327
325
412
159
16
447
3
4
96
365
388
8
342
232
20
34
221
237
375
380
54
212
269
395
297
270
338
294
180
13
288
358
189
51
16
205
497
371
60
445
235
447
452
428
30
323
461
103
411
188
482
317
399
102
211
195
371
48
340
50
412
128
407
101
30
275
157
379
145
216
323
231
15
126
158
396
449
470
498
211
157
331
379
55
432
90
101
302
489
441
351
401
420
110
353
449
384
9
327
380
76
1
462
442
127
471
338
427
440
335
489
97
166
368
3
449
457
104
251
297
44
453
49
315
414
401
115
149
261
294
28
337
294
489
278
420
311
467
198
251
302
187
199
319
54
201
267
362
304
369
10
199
174
59
13
87
311
480
236
72
273
115
260
66
456
37
338
266
4
35
16
157
221
214
327
274
267
93
487
70
314
497
121
487
55
485
73
217
464
308
288
236
423
47
154
378
436
491
143
291
25
11
299
246
76
125
371
342
69
358
264
382
354
384
368
260
220
293
476
36
452
264
271
374
162
276
103
449
266
98
239
291
460
37
388
35
161
258
229
82
467
492
463
320
227
331
79
446
475
407
481
426
22
104
300
35
379
254
484
497
203
74
139
162
111
26
49
123
135
277
204
102
268
19
273
346
201
204
291
175
110
124
100
131
79
251
165
309
5
500
157
59
74
295
73
36
172
121
158
307
397
214
260
16
232
32
213
284
235
355
458
344
478
57
326
408
308
343
69
164
342
225
222
415
20
294
302
191
266
460
349
14
25
108
29
108
492
241
391
226
96
348
422
425
256
99
185
63
441
253
226
135
477
300
401
496
445
203
39
211
14
239
224
38
199
105
497
190
197
239
267
144
438
40
421
193
139
105
108
431
357
185
65
185
484
466
33
429
168
423
491
33
161
214
422
211
170
418
400
367
8
19
362
445
58
282
489
48
386
96
479
94
281
43
131
264
360
163
44
379
85
34
411
97
100
332
308
121
101
59
487
108
77
349
404
487
482
393
34
220
488
12
165
120
407
295
384
266
457
279
497
41
165
407
490
116
239
297
236
191
355
223
299
284
423
202
122
256
446
155
475
434
19
140
53
277
434
288
394
243
419
390
135
83
297
124
50
387
420
285
77
127
359
227
410
133
281
31
389
226
37
215
11
407
354
416
183
140
55
429
234
473
318
368
407
114
344
456
352
115
93
429
241
451
155
2
84
435
384
324
13
273
38
23
179
392
438
214
383
493
142
116
317
459
335
76
425
30
31
276
145
123
56
385
426
63
239
361
349
122
184
361
394
221
384
425
464
173
138
198
17
279
165
334
89
500
409
365
29
291
141
25
266
48
262
43
110
500
403
311
473
86
171
219
306
406
143
122
431
132
319
447
262
484
132
350
483
392
215
363
35
207
388
152
106
1
194
68
500
96
378
324
33
400
42
190
306
36
311
88
167
130
386
428
113
370
130
447
261
344
161
147
402
400
298
359
400
343
426
251
290
303
75
322
55
116
12
212
152
174
299
318
303
184
98
267
53
227
65
166
70
226
312
323
125
462
181
377
304
107
127
446
261
201
119
315
317
130
26
320
156
176
489
310
360
86
77
264
312
141
429
233
218
93
55
195
406
88
71
61
46
49
6
158
250
125
325
418
106
350
89
261
378
77
71
89
163
499
352
474
491
133
207
61
225
113
255
482
52
177
42
97
225
48
255
326
24
79
95
129
280
183
242
157
260
164
97
422
162
449
247
4
81
305
64
157
418
318
138
469
346
31
418
71
78
24
248
101
102
343
82
233
25
323
242
136
486
338
409
499
138
156
2
70
312
66
226
81
235
215
402
81
246
319
3
175
342
102
128
295
444
209
379
321
383
120
456
368
310
365
366
447
372
219
17
35
284
94
116
371
161
17
451
258
335
305
432
28
406
411
174
202
119
52
22
1
24
329
220
333
45
437
131
268
156
499
303
291
93
418
161
105
434
463
362
120
267
145
147
25
56
320
226
26
223
99
379
246
427
98
430
324
35
61
91
190
59
393
332
3
310
493
107
95
455
468
66
74
113
212
98
20
383
175
45
106
125
423
203
403
373
133
226
407
193
317
448
103
61
279
106
223
123
212
169
78
32
235
151
496
298
100
15
181
126
411
138
102
186
340
4
58
472
230
464
16
398
263
119
310
393
224
32
16
287
53
93
170
287
95
17
84
46
383
116
23
294
253
124
479
445
479
36
268
208
351
284
457
465
402
119
357
477
2
372
115
54
316
137
340
262
153
424
159
36
39
33
329
144
156
159
88
135
46
355
194
396
138
3
360
391
121
68
219
122
440
186
176
107
322
15
221
474
290
379
9
181
412
189
324
419
199
411
53
244
117
99
491
107
101
202
349
73
270
68
194
61
253
221
167
426
88
387
399
377
266
260
57
29
448
232
447
147
142
352
242
111
302
233
217
402
434
65
326
203
484
19
263
88
240
430
13
179
168
412
55
285
171
464
313
470
195
112
468
189
315
210
299
116
442
367
17
375
283
194
78
267
212
192
354
303
473
219
481
141
482
388
277
4
351
442
473
397
53
441
85
367
2
235
482
443
101
350
169
384
43
246
2
106
290
207
261
262
425
93
254
406
480
31
409
182
472
234
79
24
174
15
242
175
250
75
469
202
276
137
85
318
235
86
275
24
293
35
137
69
128
391
475
459
421
235
493
392
468
71
267
141
437
360
167
186
434
135
388
209
124
324
378
358
262
4
233
406
391
369
474
370
259
448
328
179
183
320
422
150
242
40
143
179
251
161
216
36
148
455
244
271
279
473
128
392
477
360
297
367
228
270
88
339
70
415
369
104
87
143
105
328
182
99
358
285
260
74
320
407
380
416
29
158
388
8
49
216
367
197
434
446
467
21
136
388
288
5
491
374
147
447
53
180
46
263
464
305
188
284
63
67
199
91
225
438
98
125
6
316
322
439
113
140
312
249
27
451
105
369
324
103
315
228
282
212
490
98
368
177
233
430
244
431
372
320
220
469
296
225
136
117
16
101
108
179
349
486
129
305
354
304
407
21
31
188
84
373
137
452
401
369
233
144
151
105
315
371
425
111
447
61
227
314
161
187
492
361
172
472
17
378
275
423
250
158
462
333
30
99
136
430
467
369
426
118
473
240
340
397
202
286
309
281
100
321
467
443
33
138
415
49
367
41
323
116
198
285
301
79
235
436
361
53
304
138
170
128
377
361
377
431
147
185
211
98
358
177
40
242
166
306
291
385
347
465
500
44
249
152
475
335
88
335
388
243
472
409
223
200
270
99
130
268
135
192
217
492
368
256
86
386
414
228
270
260
192
121
155
293
273
129
127
212
315
14
306
286
275
28
338
44
126
319
163
113
11
379
456
378
486
41
115
399
268
236
10
460
357
17
252
481
497
378
44
312
244
349
449
370
229
286
413
206
105
75
318
115
305
274
344
290
314
311
189
82
46
50
41
254
66
144
86
63
373
129
374
468
330
174
337
58
460
249
263
416
175
81
382
331
206
77
121
19
387
161
100
285
210
492
38
276
135
124
190
360
104
415
327
433
88
164
342
399
264
457
166
291
389
47
121
94
124
241
112
362
401
64
146
463
407
184
238
42
159
279
253
262
193
79
47
280
242
240
31
6
48
196
296
436
243
416
381
218
9
345
431
409
408
77
223
166
112
312
59
270
90
311
383
282
390
281
414
131
373
444
136
420
139
283
208
233
51
88
302
59
432
233
319
191
309
42
357
420
353
415
41
443
226
275
76
467
408
489
97
280
284
85
51
423
219
258
7
269
346
309
327
129
41
146
172
201
187
28
472
391
294
12
333
371
138
261
337
45
101
286
176
385
370
227
159
88
484
165
357
181
473
35
310
365
180
333
65
218
212
388
461
5
399
145
228
389
405
416
285
6
201
461
390
422
187
48
362
170
64
70
203
37
104
364
253
136
196
170
205
407
57
165
411
308
310
490
196
214
406
480
219
106
440
460
28
478
359
241
500
423
310
202
459
413
65
63
48
260
232
105
18
141
269
280
448
78
270
495
292
175
474
362
132
266
174
11
95
32
251
94
454
60
295
264
325
211
327
224
322
410
328
339
402
97
119
349
174
388
195
317
414
21
31
397
286
204
408
232
235
158
326
41
70
472
304
394
183
482
469
356
244
297
195
145
393
165
346
418
404
40
87
317
60
117
213
197
172
472
429
258
482
254
150
51
225
454
296
259
435
264
115
30
60
161
175
304
325
20
74
228
59
160
396
119
128
460
315
151
432
95
260
413
348
410
315
425
363
110
35
149
225
1
179
137
161
205
440
337
224
365
416
282
376
163
252
3
123
419
5
406
13
265
170
213
174
484
137
388
445
23
388
169
24
418
305
36
122
97
373
345
313
140
479
189
303
82
191
277
500
48
182
365
312
351
77
337
186
65
76
130
87
463
150
110
381
455
146
354
403
370
51
215
9
29
403
163
462
446
439
462
345
472
178
156
174
254
344
359
318
271
340
256
233
490
366
465
296
363
319
50
232
221
264
92
249
19
255
210
316
45
23
160
369
200
167
42
305
362
253
474
132
444
230
364
433
447
181
80
309
351
129
392
71
393
335
171
263
441
232
78
486
255
89
206
306
255
247
111
116
351
84
247
295
165
462
79
111
142
159
271
344
287
14
414
31
349
84
293
289
316
222
126
422
310
331
227
416
430
189
31
132
125
277
278
141
91
357
252
84
15
374
428
301
388
341
184
88
277
476
228
444
50
206
217
359
388
295
275
169
336
157
301
460
286
78
100
376
286
203
459
300
429
386
453
168
79
488
255
207
315
334
2
364
39
218
75
427
364
201
95
199
357
247
10
494
177
462
221
314
164
180
466
444
417
418
111
347
257
217
405
71
51
406
435
89
475
361
367
191
61
314
389
269
412
399
263
88
212
483
254
375
14
219
319
283
488
281
129
244
498
34
314
48
291
100
488
118
460
355
308
20
20
48
141
431
298
403
371
9
237
124
236
251
342
406
33
329
186
13
72
183
398
237
230
41
337
218
158
296
424
317
168
295
364
160
225
14
62
447
22
150
422
257
252
263
162
136
443
348
149
366
382
398
103
112
438
291
181
447
438
456
263
457
250
479
116
326
492
29
273
365
179
194
122
430
309
135
66
251
334
66
469
216
463
71
327
253
361
359
199
150
166
314
107
267
144
222
92
487
251
216
351
429
262
324
210
422
311
275
24
144
192
492
359
7
414
37
259
126
247
309
276
412
474
382
178
117
103
122
455
205
189
158
133
450
333
343
371
143
469
395
287
13
238
497
19
152
34
129
277
280
437
52
44
263
433
73
231
388
194
186
92
383
195
77
184
27
271
407
170
91
153
308
103
390
304
473
41
189
101
170
321
390
221
364
152
6
288
382
245
334
419
336
68
113
264
251
140
34
157
161
125
161
320
79
51
123
52
443
164
4
112
484
245
333
347
396
190
486
130
434
319
400
121
386
13
385
137
4
270
145
16
246
158
335
177
208
309
228
150
472
83
114
455
328
298
153
75
487
139
56
272
309
456
392
195
320
128
183
175
250
179
190
495
336
376
171
43
36
250
45
8
185
158
314
364
455
319
438
293
309
494
64
117
301
307
163
472
287
345
146
36
24
187
382
359
414
53
254
449
154
298
308
338
307
122
201
113
292
491
257
452
336
320
68
136
478
231
107
264
427
104
151
450
290
33
161
203
437
414
3
90
63
311
280
369
284
332
333
75
322
89
26
157
260
445
144
237
27
102
353
454
57
3
255
346
35
415
400
471
328
403
61
390
65
192
258
348
23
442
422
345
30
299
353
289
243
349
378
122
302
230
75
359
232
329
56
267
244
308
237
71
62
149
313
126
340
70
473
363
364
246
59
393
44
263
34
138
463
411
259
117
140
333
475
371
14
382
137
257
189
226
179
102
374
491
227
66
413
199
280
276
296
190
20
339
452
53
329
267
315
87
383
454
272
209
325
285
90
313
393
131
390
423
232
116
266
311
181
178
361
312
305
157
1
176
347
304
81
175
422
395
262
304
201
33
12
377
169
454
189
413
84
431
335
167
46
100
477
78
129
338
389
285
494
241
461
340
396
393
367
318
287
128
121
487
12
485
363
32
438
404
444
373
334
278
39
231
230
368
160
358
57
48
143
50
140
455
241
35
347
459
352
485
86
325
472
449
161
186
480
98
441
423
322
126
53
212
356
282
79
15
491
135
414
133
36
405
439
129
440
285
87
143
122
25
319
93
325
479
130
305
428
71
79
101
48
483
313
256
264
243
270
255
230
36
239
117
440
30
245
231
166
184
226
287
60
396
231
384
227
361
40
154
283
119
107
182
101
419
437
217
13
207
323
242
94
413
359
385
442
455
116
460
490
193
246
49
88
477
285
314
189
324
320
323
294
426
4
395
196
441
463
208
499
137
450
444
49
160
328
343
466
295
302
456
487
47
356
427
375
140
92
63
464
411
237
257
188
93
3
383
33
317
443
383
453
244
326
2
403
5
196
368
300
497
175
138
395
31
64
270
170
8
184
485
418
273
94
458
365
448
192
397
265
134
131
69
377
456
422
131
460
117
499
111
113
25
249
360
55
164
129
77
171
164
61
89
436
6
398
300
454
89
48
70
223
178
138
451
485
60
82
445
28
432
55
493
456
155
352
11
319
480
87
489
495
499
429
431
5
326
82
310
267
130
379
489
307
368
291
292
279
372
88
307
155
494
299
111
149
2
473
319
333
411
307
327
409
236
109
265
413
191
74
179
320
304
19
126
24
162
269
302
33
208
460
40
202
110
150
202
111
474
20
443
384
178
122
144
265
230
409
178
420
334
208
239
138
79
217
161
240
337
314
272
45
126
163
246
235
164
299
346
137
318
140
20
495
261
16
260
343
424
289
262
109
496
1
98
74
69
110
165
405
424
437
449
49
451
46
135
115
344
332
251
13
472
123
360
84
138
471
426
413
259
40
21
106
392
119
32
460
228
196
216
3
484
165
403
287
62
38
401
406
369
151
270
192
125
129
128
114
451
405
26
61
444
399
19
335
369
402
146
448
449
362
451
433
378
205
219
439
242
471
196
463
473
466
154
98
446
281
63
397
186
441
309
129
339
327
316
59
228
461
6
177
174
308
461
51
13
31
490
106
1
185
68
473
2
222
422
300
354
485
48
39
425
356
20
115
183
187
173
262
499
30
438
173
190
250
75
54
280
64
159
132
101
79
457
454
300
230
253
5
214
300
396
490
156
267
456
190
453
480
451
303
10
241
475
51
490
50
104
122
465
262
253
417
340
61
371
491
291
475
348
356
275
243
346
282
9
153
323
313
133
125
115
494
365
442
44
207
343
499
180
159
260
432
76
452
345
298
294
135
272
493
490
398
235
187
179
95
340
1
259
324
126
226
317
342
19
212
400
361
210
79
371
321
363
298
124
207
95
270
341
219
262
182
116
349
369
147
443
60
499
54
383
476
279
51
170
297
262
69
9
323
500
231
143
362
29
119
420
475
388
112
45
1
293
13
349
161
159
144
220
157
197
454
485
475
4
154
123
117
74
483
439
73
213
434
434
241
52
205
68
291
316
112
291
109
124
492
269
134
135
341
143
331
146
127
157
150
132
131
266
205
113
205
278
325
490
63
418
41
268
337
183
83
300
473
191
276
316
312
409
450
4
51
132
149
29
140
150
160
122
416
365
234
472
494
411
461
56
180
353
175
16
35
258
167
359
300
442
175
111
351
476
466
253
460
467
282
99
116
293
73
31
9
306
354
2
68
314
410
247
18
84
114
404
341
281
263
493
222
289
455
424
116
421
29
75
387
162
26
2
454
98
385
463
255
238
316
323
404
225
421
421
309
35
325
1
167
439
493
240
79
448
164
194
220
44
121
106
205
498
459
158
447
343
472
201
433
288
375
336
364
296
108
24
182
284
377
348
74
221
87
152
168
102
198
239
145
318
196
349
167
7
359
113
349
330
165
133
469
40
320
185
187
280
208
368
63
84
67
137
305
5
140
324
459
337
63
455
6
110
304
172
116
14
136
317
195
301
449
16
192
121
200
378
400
407
97
462
491
15
450
147
19
90
470
477
278
384
432
284
346
87
307
461
452
295
277
146
447
78
161
138
198
360
367
97
119
315
410
109
329
212
107
347
153
428
324
430
312
107
65
157
45
224
469
496
18
246
141
464
175
154
453
372
13
319
320
131
133
229
91
461
292
49
159
444
477
334
374
140
440
290
148
484
13
116
479
30
213
472
345
387
125
297
110
489
467
429
472
99
10
62
411
301
463
70
245
439
403
470
78
195
259
225
30
272
192
361
153
405
332
498
291
456
146
401
444
113
181
415
211
190
329
474
343
291
43
439
81
297
408
10
343
166
234
373
289
425
233
442
181
64
291
472
371
436
224
166
48
404
81
111
446
261
436
140
403
478
78
483
126
485
344
469
2
77
193
291
353
277
84
34
340
374
357
62
161
80
227
209
335
159
171
132
271
106
271
173
435
348
7
412
184
350
232
38
278
424
328
483
200
411
16
391
136
224
452
296
155
31
356
489
189
378
473
460
335
95
484
269
295
343
33
478
192
264
15
322
40
194
304
91
456
171
334
91
394
137
239
48
167
446
388
356
324
360
167
158
307
150
279
101
492
163
78
36
426
445
357
317
490
12
260
446
182
93
388
75
229
478
474
396
424
361
103
99
73
121
108
379
270
238
479
114
400
408
1
178
204
209
346
194
220
105
491
401
197
230
327
426
208
300
173
483
160
275
81
84
395
188
462
16
278
292
481
177
52
333
354
107
41
200
300
260
304
142
12
353
372
338
278
431
489
302
413
1
76
345
84
322
32
398
189
161
41
22
338
92
354
43
199
395
94
350
6
250
344
370
102
67
59
231
497
48
32
409
48
459
253
483
132
136
380
320
297
273
341
486
216
47
28
414
293
122
116
298
223
311
19
324
377
78
406
373
477
437
133
376
247
237
358
378
224
90
49
372
362
390
209
77
288
237
343
80
210
310
377
284
120
248
107
348
177
12
72
153
300
204
380
46
292
89
275
367
178
323
239
391
64
447
320
351
35
14
430
96
323
159
379
294
406
337
141
82
348
212
86
499
267
317
44
410
405
170
276
83
493
14
325
56
313
144
407
199
157
336
295
331
346
25
476
251
362
468
184
61
31
121
60
297
437
455
58
342
125
334
276
117
199
100
24
11
96
430
62
104
118
356
287
463
380
262
66
93
82
101
154
112
222
65
261
158
19
318
499
495
151
126
463
350
226
487
212
173
268
273
276
237
480
414
52
212
176
117
304
257
217
309
220
290
373
480
448
244
298
298
238
300
424
201
1
1
187
65
25
306
337
152
43
169
66
94
380
93
62
35
201
130
196
420
420
68
400
367
311
49
16
401
200
291
101
201
143
139
265
167
296
453
319
338
121
384
283
352
328
344
239
28
474
434
447
245
353
198
463
16
98
478
416
298
121
368
350
263
358
466
430
153
418
100
343
391
335
125
94
162
321
332
189
146
117
487
390
470
37
352
485
134
181
252
431
301
119
132
416
328
97
345
332
15
296
174
257
130
151
350
143
323
34
183
468
150
169
209
471
205
412
455
191
92
58
473
245
176
105
12
355
201
208
187
67
3
212
175
132
362
25
126
184
410
308
3
411
476
211
382
33
122
336
223
66
246
195
162
421
151
173
128
352
380
314
270
234
25
445
217
239
321
342
274
230
149
277
140
476
339
21
8
313
209
82
230
454
277
391
226
427
415
353
130
146
18
400
379
395
344
95
485
164
436
258
245
84
386
384
59
77
257
419
389
465
500
118
270
128
360
495
407
126
200
36
271
69
287
149
315
482
95
299
145
30
409
241
465
294
125
375
370
381
293
110
197
145
227
318
272
438
312
178
63
363
66
185
284
352
333
98
334
279
249
330
308
157
71
124
450
47
499
172
427
143
281
475
287
